Month,Deposits &Withdrawals,Interest,Total Deposits & Withdrawals,AccruedInterest,Balance
0,"$12,000.00",–,"$12,000.00",–,"$12,000.00"
1,$100.00,$70.58,"$12,100.00",$70.58,"$12,100.00"
2,$100.00,$71.17,"$12,200.00",$141.75,"$12,200.00"
3,$100.00,$71.75,"$12,300.00",$213.50,"$12,300.00"
4,$100.00,$72.33,"$12,400.00",$285.83,"$12,400.00"
5,$100.00,$72.92,"$12,500.00",$358.75,"$12,500.00"
6,$100.00,$73.50,"$12,600.00",$432.25,"$12,600.00"
7,$100.00,$74.08,"$12,700.00",$506.33,"$12,700.00"
8,$100.00,$74.67,"$12,800.00",$581.00,"$12,800.00"
9,$100.00,$75.25,"$12,900.00",$656.25,"$12,900.00"
10,$100.00,$75.83,"$13,000.00",$732.08,"$13,000.00"
11,$100.00,$76.42,"$13,100.00",$808.50,"$13,100.00"
12,$100.00,$77.00,"$13,200.00",$885.50,"$14,085.50"
13,$100.00,$82.75,"$13,300.00",$968.25,"$14,185.50"
14,$100.00,$83.33,"$13,400.00","$1,051.58","$14,285.50"
15,$100.00,$83.92,"$13,500.00","$1,135.50","$14,385.50"
16,$100.00,$84.50,"$13,600.00","$1,220.00","$14,485.50"
17,$100.00,$85.08,"$13,700.00","$1,305.08","$14,585.50"
18,$100.00,$85.67,"$13,800.00","$1,390.74","$14,685.50"
19,$100.00,$86.25,"$13,900.00","$1,476.99","$14,785.50"
20,$100.00,$86.83,"$14,000.00","$1,563.82","$14,885.50"
21,$100.00,$87.42,"$14,100.00","$1,651.24","$14,985.50"
22,$100.00,$88.00,"$14,200.00","$1,739.24","$15,085.50"
23,$100.00,$88.58,"$14,300.00","$1,827.82","$15,185.50"
24,$100.00,$89.17,"$14,400.00","$1,916.99","$16,316.98"
25,$100.00,$95.77,"$14,500.00","$2,012.75","$16,416.98"
26,$100.00,$96.35,"$14,600.00","$2,109.10","$16,516.98"
27,$100.00,$96.93,"$14,700.00","$2,206.03","$16,616.98"
28,$100.00,$97.52,"$14,800.00","$2,303.55","$16,716.98"
29,$100.00,$98.10,"$14,900.00","$2,401.65","$16,816.98"
30,$100.00,$98.68,"$15,000.00","$2,500.33","$16,916.98"
31,$100.00,$99.27,"$15,100.00","$2,599.60","$17,016.98"
32,$100.00,$99.85,"$15,200.00","$2,699.44","$17,116.98"
33,$100.00,$100.43,"$15,300.00","$2,799.88","$17,216.98"
34,$100.00,$101.02,"$15,400.00","$2,900.89","$17,316.98"
35,$100.00,$101.60,"$15,500.00","$3,002.49","$17,416.98"
36,$100.00,$102.18,"$15,600.00","$3,104.67","$18,704.67"
37,$100.00,$109.69,"$15,700.00","$3,214.37","$18,804.67"
38,$100.00,$110.28,"$15,800.00","$3,324.65","$18,904.67"
39,$100.00,$110.86,"$15,900.00","$3,435.51","$19,004.67"
40,$100.00,$111.44,"$16,000.00","$3,546.95","$19,104.67"
41,$100.00,$112.03,"$16,100.00","$3,658.98","$19,204.67"
42,$100.00,$112.61,"$16,200.00","$3,771.59","$19,304.67"
43,$100.00,$113.19,"$16,300.00","$3,884.78","$19,404.67"
44,$100.00,$113.78,"$16,400.00","$3,998.56","$19,504.67"
45,$100.00,$114.36,"$16,500.00","$4,112.92","$19,604.67"
46,$100.00,$114.94,"$16,600.00","$4,227.86","$19,704.67"
47,$100.00,$115.53,"$16,700.00","$4,343.39","$19,804.67"
48,$100.00,$116.11,"$16,800.00","$4,459.50","$21,259.50"
49,$100.00,$124.60,"$16,900.00","$4,584.10","$21,359.50"
50,$100.00,$125.18,"$17,000.00","$4,709.28","$21,459.50"
51,$100.00,$125.76,"$17,100.00","$4,835.04","$21,559.50"
52,$100.00,$126.35,"$17,200.00","$4,961.39","$21,659.50"
53,$100.00,$126.93,"$17,300.00","$5,088.32","$21,759.50"
54,$100.00,$127.51,"$17,400.00","$5,215.83","$21,859.50"
55,$100.00,$128.10,"$17,500.00","$5,343.93","$21,959.50"
56,$100.00,$128.68,"$17,600.00","$5,472.61","$22,059.50"
57,$100.00,$129.26,"$17,700.00","$5,601.87","$22,159.50"
58,$100.00,$129.85,"$17,800.00","$5,731.72","$22,259.50"
59,$100.00,$130.43,"$17,900.00","$5,862.15","$22,359.50"
60,$100.00,$131.01,"$18,000.00","$5,993.17","$23,993.17"
61,$100.00,$140.54,"$18,100.00","$6,133.71","$24,093.17"
62,$100.00,$141.13,"$18,200.00","$6,274.84","$24,193.17"
63,$100.00,$141.71,"$18,300.00","$6,416.55","$24,293.17"
64,$100.00,$142.29,"$18,400.00","$6,558.84","$24,393.17"
65,$100.00,$142.88,"$18,500.00","$6,701.72","$24,493.17"
66,$100.00,$143.46,"$18,600.00","$6,845.18","$24,593.17"
67,$100.00,$144.04,"$18,700.00","$6,989.22","$24,693.17"
68,$100.00,$144.63,"$18,800.00","$7,133.85","$24,793.17"
69,$100.00,$145.21,"$18,900.00","$7,279.06","$24,893.17"
70,$100.00,$145.79,"$19,000.00","$7,424.85","$24,993.17"
71,$100.00,$146.38,"$19,100.00","$7,571.23","$25,093.17"
72,$100.00,$146.96,"$19,200.00","$7,718.19","$26,918.19"
73,$100.00,$157.61,"$19,300.00","$7,875.79","$27,018.19"
74,$100.00,$158.19,"$19,400.00","$8,033.98","$27,118.19"
75,$100.00,$158.77,"$19,500.00","$8,192.76","$27,218.19"
76,$100.00,$159.36,"$19,600.00","$8,352.11","$27,318.19"
77,$100.00,$159.94,"$19,700.00","$8,512.05","$27,418.19"
78,$100.00,$160.52,"$19,800.00","$8,672.57","$27,518.19"
79,$100.00,$161.11,"$19,900.00","$8,833.68","$27,618.19"
80,$100.00,$161.69,"$20,000.00","$8,995.37","$27,718.19"
81,$100.00,$162.27,"$20,100.00","$9,157.64","$27,818.19"
82,$100.00,$162.86,"$20,200.00","$9,320.50","$27,918.19"
83,$100.00,$163.44,"$20,300.00","$9,483.94","$28,018.19"
84,$100.00,$164.02,"$20,400.00","$9,647.96","$30,047.96"
85,$100.00,$175.86,"$20,500.00","$9,823.82","$30,147.96"
86,$100.00,$176.45,"$20,600.00","$10,000.27","$30,247.96"
87,$100.00,$177.03,"$20,700.00","$10,177.30","$30,347.96"
88,$100.00,$177.61,"$20,800.00","$10,354.91","$30,447.96"
89,$100.00,$178.20,"$20,900.00","$10,533.11","$30,547.96"
90,$100.00,$178.78,"$21,000.00","$10,711.89","$30,647.96"
91,$100.00,$179.36,"$21,100.00","$10,891.25","$30,747.96"
92,$100.00,$179.95,"$21,200.00","$11,071.20","$30,847.96"
93,$100.00,$180.53,"$21,300.00","$11,251.73","$30,947.96"
94,$100.00,$181.11,"$21,400.00","$11,432.84","$31,047.96"
95,$100.00,$181.70,"$21,500.00","$11,614.54","$31,147.96"
96,$100.00,$182.28,"$21,600.00","$11,796.82","$33,396.82"
97,$100.00,$195.40,"$21,700.00","$11,992.22","$33,496.82"
98,$100.00,$195.98,"$21,800.00","$12,188.20","$33,596.82"
99,$100.00,$196.56,"$21,900.00","$12,384.76","$33,696.82"
100,$100.00,$197.15,"$22,000.00","$12,581.91","$33,796.82"
101,$100.00,$197.73,"$22,100.00","$12,779.64","$33,896.82"
102,$100.00,$198.31,"$22,200.00","$12,977.96","$33,996.82"
103,$100.00,$198.90,"$22,300.00","$13,176.86","$34,096.82"
104,$100.00,$199.48,"$22,400.00","$13,376.34","$34,196.82"
105,$100.00,$200.06,"$22,500.00","$13,576.40","$34,296.82"
106,$100.00,$200.65,"$22,600.00","$13,777.05","$34,396.82"
107,$100.00,$201.23,"$22,700.00","$13,978.28","$34,496.82"
108,$100.00,$201.81,"$22,800.00","$14,180.10","$36,980.10"
109,$100.00,$216.30,"$22,900.00","$14,396.40","$37,080.10"
110,$100.00,$216.88,"$23,000.00","$14,613.28","$37,180.10"
111,$100.00,$217.47,"$23,100.00","$14,830.75","$37,280.10"
112,$100.00,$218.05,"$23,200.00","$15,048.80","$37,380.10"
113,$100.00,$218.63,"$23,300.00","$15,267.43","$37,480.10"
114,$100.00,$219.22,"$23,400.00","$15,486.65","$37,580.10"
115,$100.00,$219.80,"$23,500.00","$15,706.45","$37,680.10"
116,$100.00,$220.38,"$23,600.00","$15,926.83","$37,780.10"
117,$100.00,$220.97,"$23,700.00","$16,147.80","$37,880.10"
118,$100.00,$221.55,"$23,800.00","$16,369.35","$37,980.10"
119,$100.00,$222.13,"$23,900.00","$16,591.48","$38,080.10"
120,$100.00,$222.72,"$24,000.00","$16,814.20","$40,814.20"
